179.00 254.00 233.00
158.00 227.00 230.00
138.00 205.00 232.00
175.00 254.00 221.00
185.00 255.00 224.00
163.00 241.00 240.00
161.00 238.00 240.00
189.00 254.00 229.00
185.00 254.00 227.00
178.00 250.00 237.00
187.00 254.00 222.00
172.00 244.00 231.00
210.00 254.00 225.00
194.00 255.00 229.00
185.00 254.00 234.00
194.00 255.00 227.00
187.00 255.00 230.00
207.00 255.00 224.00
225.00 254.00 221.00
218.00 255.00 217.00
221.00 255.00 224.00
210.00 253.00 226.00
227.00 254.00 220.00
215.00 254.00 222.00
224.00 255.00 228.00
175.00 241.00 230.00
230.00 254.00 219.00
238.00 255.00 218.00
216.00 255.00 223.00
230.00 254.00 222.00
201.00 255.00 226.00
225.00 255.00 217.00
200.00 255.00 227.00
216.00 254.00 226.00
212.00 255.00 227.00
238.00 254.00 223.00
227.00 255.00 226.00
206.00 254.00 225.00
