149.47
165.07
165.06
141.76
142.37
142.36
156.66
158.79
146.12
147.36
147.93
166.47
167.43
149.45
155.06
142.37
146.00
146.06
165.19
164.04
145.73
145.67
145.68
143.31
142.55
157.14
157.72
143.28
143.35
143.36
162.58
161.89
166.59
166.75
166.71
184.18
183.99
145.33
146.19
157.87
157.65
157.67
166.13
165.76
163.82
163.66
163.65
157.55
157.42
137.64
137.96
155.10
157.36
157.40
157.60
157.43
156.63
156.51
156.50
171.07
171.21
162.88
163.26
163.60
165.26
165.87
167.95
166.88
145.33
145.43
145.46
168.99
171.21
159.29
161.12
162.13
174.97
175.05
180.22
179.39
183.15
185.17
185.18
156.94
157.10
165.48
165.35
165.35
155.04
155.01
156.21
155.68
174.42
173.90
174.04
178.01
177.89
146.14
148.99
148.98
167.41
163.58
167.85
166.29
174.19
173.53
173.55
171.48
170.66
169.62
166.44
166.43
162.81
162.05
153.35
153.31
167.21
167.68
167.71
174.92
174.84
153.82
153.87
153.84
146.67
146.61
156.69
156.24
172.16
171.95
171.94
173.09
174.04
148.38
148.46
148.45
172.19
172.19
166.48
166.74
175.97
174.87
174.88
169.79
170.32
173.86
173.78
173.73
178.49
178.35
164.37
164.38
164.47
164.37
164.37
165.88
165.92
173.67
173.82
173.83
179.50
179.14
174.87
176.51
168.98
168.54
168.92
172.94
173.83
177.11
174.92
174.90
163.88
163.88
179.86
180.03
180.31
180.35
180.40
165.96
166.18
166.46
167.74
167.73
163.56
163.45
151.27
151.23
146.84
147.25
147.34
174.26
174.86
140.45
140.26
140.28
178.81
179.55
166.84
168.32
167.09
171.33
171.50
168.85
168.90
184.59
183.77
183.88
170.62
171.88
146.13
145.61
169.38
169.27
169.25
184.43
186.36
157.06
152.48
152.50
142.46
142.41
147.73
147.52
170.02
169.92
169.92
189.70
190.42
180.59
179.45
179.51
159.01
158.98
156.20
156.17
156.22
171.12
172.81
178.88
179.96
152.06
151.79
151.77
165.68
165.76
151.43
150.06
150.08
174.41
174.37
171.57
171.66
157.80
156.77
161.74
180.44
180.78
190.84
190.12
190.12
167.53
168.78
159.08
159.11
179.46
179.96
179.98
172.19
172.20
189.69
189.27
189.28
182.31
184.16
195.57
193.70
182.79
183.04
183.03
179.85
178.95
179.25
179.39
179.43
177.74
178.19
186.21
186.88
167.18
166.84
166.84
181.12
180.99
189.86
190.07
190.06
179.72
180.04
179.77
177.94
180.44
183.24
183.26
180.97
181.64
171.82
171.86
171.83
166.00
165.21
169.37
167.90
188.16
188.17
188.18
178.76
178.41
171.74
171.13
171.11
152.30
152.20
166.09
163.69
170.95
170.74
170.73
173.06
168.71
190.49
190.48
190.41
175.02
176.70
178.81
177.08
161.95
161.72
161.73
163.84
162.38
179.97
178.12
178.12
180.59
179.43
160.00
160.15
205.96
199.67
201.99
179.92
181.02
178.52
179.45
179.02
171.62
171.77
198.83
196.99
172.30
170.02
170.07
187.74
188.30
187.02
186.66
186.72
186.30
188.55
201.94
201.85
206.72
204.87
204.88
180.75
178.96
176.55
176.52
176.54
175.16
175.38
180.50
180.53
180.65
196.95
196.53
197.17
194.89
190.02
189.64
189.65
186.69
186.74
184.68
184.51
184.50
181.50
183.22
178.73
178.70
173.16
173.02
173.02
186.48
184.11
195.05
195.16
195.14
177.93
177.51
180.22
179.88
178.16
178.06
178.13
199.85
199.67
195.26
195.27
195.28
166.30
166.52
187.11
187.93
180.23
180.36
180.37
173.95
173.83
180.20
181.08
181.06
191.23
191.14
205.39
205.58
186.14
186.19
186.21
180.95
180.85
186.65
187.01
187.02
187.95
189.02
185.09
185.40
197.19
197.13
197.15
206.46
207.03
191.58
191.41
191.40
187.49
187.57
180.99
180.85
185.84
185.85
185.83
179.53
179.39
183.25
183.19
183.17
169.16
168.17
154.58
154.62
166.74
166.94
166.98
164.32
167.97
178.50
178.63
178.64
182.45
182.55
166.69
166.75
185.04
183.99
184.03
162.94
161.11
169.11
170.34
170.34
162.88
163.08
164.48
165.24
166.56
164.75
165.42
169.71
169.65
179.54
181.40
181.39
164.61
165.20
193.03
193.03
194.70
190.34
184.78
197.99
199.02
169.62
169.81
169.82
185.04
184.57
204.50
203.58
188.33
186.55
186.55
212.10
212.68
202.55
204.62
204.47
190.25
189.99
210.16
209.91
202.19
201.75
201.74
179.17
179.53
195.89
196.53
196.54
194.33
191.87
180.29
180.10
180.11
180.59
180.48
175.86
175.22
191.26
191.36
191.38
183.87
183.87
197.73
199.11
199.06
174.78
174.80
171.59
171.51
200.64
202.14
202.09
216.77
216.83
208.05
207.25
207.31
187.46
187.06
186.66
186.80
192.57
192.28
192.28
191.07
192.51
168.27
168.41
168.56
207.12
205.86
190.21
190.02
190.48
190.58
190.57
194.60
194.92
187.47
187.23
187.24
197.36
196.60
186.75
186.39
180.56
180.52
180.56
206.31
206.33
205.24
206.79
206.83
177.13
177.06
198.67
204.28
185.50
185.48
185.49
198.28
198.05
185.73
186.08
186.07
172.62
172.80
183.33
183.32
206.74
197.89
197.88
180.52
181.87
180.57
180.54
180.54
182.29
182.27
191.39
191.65
189.16
188.94
189.02
201.98
196.18
141.24
142.16
142.16
192.60
192.78
212.01
214.44
203.23
203.12
201.21
204.84
204.84
192.62
191.32
191.32
191.21
191.56
214.85
214.79
184.03
176.89
176.90
189.47
185.91
188.16
187.90
187.82
193.97
196.15
192.48
191.97
171.94
171.42
171.39
172.24
169.99
189.86
187.90
187.91
193.66
194.19
176.39
175.29
175.48
175.33
175.35
160.98
160.95
177.64
177.70
177.70
170.45
170.44
179.69
180.97
192.13
192.23
192.20
197.42
197.39
174.62
176.96
179.00
179.33
174.39
190.30
188.67
195.39
197.11
197.04
195.09
194.82
201.98
201.88
202.09
193.78
193.05
198.98
199.09
199.12
183.34
183.47
177.94
177.37
170.71
170.81
170.82
159.35
159.39
205.39
205.40
205.42
168.45
171.18
211.18
209.07
179.33
179.65
179.61
198.46
199.18
202.56
202.53
202.53
164.01
163.82
158.12
158.43
169.92
169.89
169.90
165.48
167.42
208.91
210.39
208.74
207.83
210.55
212.18
