121.00 183.00 221.00
107.00 170.00 208.00
71.00 143.00 183.00
119.00 184.00 223.00
105.00 172.00 211.00
107.00 170.00 208.00
104.00 177.00 215.00
134.00 197.00 231.00
112.00 176.00 211.00
100.00 160.00 202.00
130.00 196.00 225.00
109.00 176.00 215.00
123.00 188.00 219.00
84.00 149.00 187.00
101.00 165.00 200.00
114.00 177.00 215.00
97.00 156.00 195.00
117.00 180.00 224.00
121.00 187.00 222.00
132.00 190.00 226.00
101.00 156.00 193.00
116.00 176.00 212.00
133.00 190.00 221.00
105.00 167.00 208.00
111.00 172.00 206.00
88.00 145.00 184.00
143.00 204.00 236.00
108.00 162.00 197.00
127.00 187.00 216.00
126.00 193.00 214.00
72.00 133.00 167.00
126.00 183.00 214.00
119.00 186.00 213.00
100.00 167.00 190.00
93.00 155.00 179.00
125.00 189.00 219.00
122.00 182.00 211.00
121.00 175.00 206.00
