52.00 105.00 156.00
64.00 115.00 158.00
20.00 65.00 102.00
36.00 89.00 132.00
23.00 69.00 116.00
35.00 71.00 117.00
44.00 89.00 132.00
54.00 102.00 154.00
39.00 83.00 130.00
29.00 73.00 120.00
47.00 102.00 147.00
51.00 106.00 149.00
28.00 73.00 117.00
14.00 36.00 71.00
31.00 73.00 116.00
35.00 77.00 119.00
23.00 73.00 115.00
38.00 81.00 120.00
15.00 60.00 98.00
37.00 76.00 120.00
16.00 51.00 85.00
23.00 53.00 88.00
37.00 76.00 121.00
23.00 52.00 89.00
31.00 70.00 109.00
23.00 65.00 100.00
53.00 102.00 148.00
13.00 34.00 65.00
44.00 77.00 122.00
35.00 78.00 121.00
19.00 36.00 63.00
42.00 85.00 124.00
41.00 95.00 126.00
39.00 72.00 105.00
16.00 45.00 72.00
52.00 87.00 120.00
48.00 89.00 122.00
32.00 52.00 83.00
