166.00 244.00 243.00
171.00 254.00 232.00
147.00 234.00 230.00
117.00 200.00 228.00
148.00 231.00 239.00
182.00 255.00 223.00
172.00 254.00 235.00
204.00 255.00 221.00
204.00 255.00 216.00
196.00 255.00 227.00
211.00 255.00 216.00
213.00 255.00 220.00
204.00 254.00 222.00
201.00 255.00 212.00
192.00 255.00 223.00
185.00 253.00 228.00
189.00 254.00 228.00
195.00 254.00 226.00
212.00 255.00 215.00
194.00 255.00 219.00
186.00 254.00 219.00
218.00 255.00 221.00
222.00 255.00 221.00
192.00 255.00 215.00
221.00 255.00 225.00
215.00 255.00 220.00
235.00 255.00 220.00
247.00 254.00 219.00
242.00 255.00 223.00
246.00 254.00 217.00
245.00 254.00 227.00
