160.66
146.38
146.90
146.89
151.72
152.71
154.47
153.59
153.43
163.99
164.53
154.24
155.00
160.18
160.21
159.90
169.88
169.91
174.85
173.85
174.32
147.31
147.34
129.85
130.06
152.80
152.67
152.68
148.79
148.55
147.85
147.83
147.77
139.65
139.77
158.51
156.64
164.14
161.68
161.67
148.69
145.62
159.84
159.93
159.93
166.67
166.31
176.48
176.47
166.91
167.96
167.94
173.22
172.89
198.39
198.31
198.36
197.03
196.86
178.36
178.63
176.19
177.83
177.82
191.54
192.37
181.79
181.43
181.45
158.02
157.86
159.06
163.70
170.70
169.47
169.48
158.11
158.26
157.48
157.59
157.59
156.93
157.51
171.49
167.61
168.92
167.92
167.92
148.09
148.69
170.44
170.41
170.40
182.77
181.85
170.31
170.92
158.50
158.62
158.62
187.12
186.96
169.45
169.62
169.61
170.78
170.75
193.03
193.05
187.96
187.89
188.00
171.57
171.52
165.51
165.46
165.45
143.42
143.57
172.24
172.79
165.67
165.92
165.91
157.03
157.78
166.43
168.61
168.50
169.96
169.94
168.24
168.71
195.43
203.80
204.93
158.39
158.51
176.82
176.92
177.00
199.45
199.04
181.90
181.07
181.13
176.39
175.69
177.51
176.84
178.79
178.44
178.47
171.89
171.97
185.04
184.86
184.89
184.53
181.04
201.11
203.60
185.78
184.72
184.72
184.80
181.72
174.65
176.92
176.91
197.27
197.62
186.04
186.06
193.60
193.60
193.60
175.35
176.23
165.77
166.53
166.55
187.36
192.95
197.98
198.94
179.00
179.63
179.67
176.69
174.82
156.23
156.41
156.37
170.17
170.92
159.45
159.41
172.21
172.18
172.16
180.96
181.66
191.04
191.18
191.16
176.94
177.44
179.70
180.18
196.84
195.70
195.70
198.46
198.41
183.49
183.41
183.43
173.87
171.78
179.96
179.17
170.95
170.71
170.69
178.92
178.91
181.40
181.94
181.93
162.03
156.03
175.80
176.05
168.37
167.36
167.12
172.39
172.64
196.41
197.46
197.49
182.81
183.12
184.49
183.68
205.77
205.54
205.50
177.11
176.97
176.72
177.65
176.48
179.76
180.62
174.64
175.36
169.68
169.79
169.76
198.10
208.17
184.34
184.45
184.45
172.04
170.55
180.56
180.84
164.12
158.20
158.18
180.21
179.69
174.13
174.70
174.70
156.65
156.62
163.61
164.00
162.93
162.84
162.85
188.62
188.37
186.52
186.63
186.63
161.16
160.41
174.86
172.47
164.69
164.64
164.64
159.95
160.04
170.77
176.67
176.72
180.54
180.87
180.89
180.60
180.55
168.17
167.51
182.97
182.41
178.90
178.92
178.93
158.33
158.75
185.55
184.31
184.31
180.18
180.83
180.57
180.56
181.89
181.82
181.56
186.00
186.76
163.45
163.56
163.54
171.15
171.29
196.93
195.68
199.14
200.21
200.21
183.56
183.80
179.73
183.90
183.95
210.59
210.59
180.22
179.10
208.57
208.56
208.57
199.55
199.43
164.77
161.93
161.87
182.05
179.30
149.42
153.09
160.97
161.42
161.42
173.76
176.25
182.07
181.74
181.73
183.96
185.43
159.08
160.88
176.40
176.36
176.21
182.47
182.09
171.64
171.55
171.55
172.42
171.34
162.96
162.92
166.04
168.50
167.51
183.93
184.99
185.25
184.37
184.38
177.27
177.21
170.36
170.57
170.19
173.47
173.46
164.45
164.33
159.29
158.79
158.80
152.98
151.16
154.93
155.35
175.06
175.21
175.09
177.24
177.14
206.15
205.51
205.52
177.31
177.96
207.12
208.56
206.23
207.37
207.31
200.71
200.72
191.95
196.37
196.32
204.89
204.90
191.55
190.82
193.15
193.63
193.60
173.43
171.82
170.02
170.50
170.50
178.76
179.95
191.00
190.01
186.15
186.26
186.21
200.27
199.38
173.86
173.96
173.96
179.19
179.05
197.50
197.74
172.81
171.95
171.58
158.61
158.59
159.77
162.11
162.10
175.54
176.08
150.05
147.88
167.19
162.77
162.76
189.37
187.80
195.52
197.15
197.05
174.91
177.01
153.99
154.45
154.22
169.17
170.41
174.87
174.78
177.99
185.68
185.69
189.86
188.85
189.59
190.02
190.05
172.62
172.76
177.78
179.34
182.49
182.46
182.49
186.21
186.21
195.37
198.54
198.49
192.60
192.12
186.76
186.65
204.66
206.15
206.18
214.37
215.48
210.63
211.96
211.95
193.72
192.84
193.43
190.99
196.36
201.50
201.52
202.70
202.74
191.13
192.59
192.60
219.58
216.98
202.63
202.61
195.06
195.63
195.62
210.83
210.70
211.21
211.27
211.31
219.47
219.80
205.09
205.02
180.58
180.55
180.55
193.27
193.28
184.96
184.89
184.89
203.94
203.99
172.61
172.48
196.11
196.07
196.09
194.15
193.91
196.01
195.92
196.34
211.88
210.50
213.10
212.73
203.04
203.33
203.34
197.90
198.19
197.97
198.30
198.31
193.94
193.57
202.71
201.72
204.21
203.37
203.39
213.81
215.98
217.51
214.86
214.92
222.33
222.42
238.43
239.46
206.13
205.19
205.18
192.98
192.92
188.07
188.21
188.24
195.94
195.87
204.58
206.00
212.18
212.05
212.78
207.16
207.12
