96.00 171.00 209.00
88.00 166.00 203.00
74.00 152.00 189.00
39.00 101.00 137.00
79.00 161.00 196.00
101.00 178.00 211.00
95.00 168.00 206.00
131.00 205.00 233.00
81.00 149.00 194.00
94.00 169.00 208.00
131.00 214.00 222.00
125.00 202.00 229.00
106.00 175.00 215.00
137.00 219.00 231.00
107.00 178.00 215.00
76.00 148.00 182.00
80.00 146.00 181.00
119.00 186.00 225.00
139.00 213.00 231.00
127.00 202.00 218.00
132.00 199.00 230.00
108.00 175.00 214.00
118.00 196.00 219.00
124.00 198.00 224.00
130.00 209.00 228.00
134.00 203.00 220.00
114.00 188.00 216.00
127.00 198.00 218.00
146.00 217.00 220.00
142.00 219.00 238.00
149.00 229.00 236.00
