43.00 85.00 127.00
23.00 59.00 99.00
27.00 78.00 118.00
14.00 35.00 67.00
26.00 82.00 129.00
17.00 59.00 101.00
22.00 57.00 90.00
23.00 83.00 119.00
14.00 45.00 78.00
14.00 59.00 93.00
27.00 77.00 119.00
25.00 72.00 110.00
20.00 51.00 82.00
37.00 92.00 131.00
39.00 85.00 126.00
24.00 62.00 94.00
13.00 50.00 84.00
34.00 79.00 116.00
39.00 100.00 132.00
37.00 90.00 127.00
30.00 88.00 123.00
18.00 50.00 79.00
33.00 89.00 124.00
40.00 100.00 130.00
34.00 78.00 115.00
22.00 73.00 105.00
23.00 68.00 101.00
18.00 53.00 86.00
25.00 76.00 108.00
22.00 60.00 94.00
29.00 74.00 107.00
