225.49
201.06
201.42
217.24
217.17
210.08
210.43
210.43
217.92
217.76
196.55
196.41
204.28
203.71
202.96
185.23
184.38
184.24
184.11
184.12
215.63
216.19
189.91
189.94
197.82
199.32
199.27
197.99
198.21
183.42
183.29
183.30
180.00
179.52
197.08
196.36
224.31
225.15
225.01
197.03
197.11
177.25
178.29
178.29
190.79
191.09
176.48
166.80
209.93
209.23
209.22
170.52
171.15
181.58
181.60
181.93
181.95
181.81
203.45
203.54
227.13
227.66
227.66
239.65
239.33
218.51
217.57
217.73
210.06
210.09
217.22
216.15
216.20
217.15
216.85
172.90
172.87
206.51
206.29
206.30
224.79
225.60
202.49
202.54
202.73
203.35
203.59
265.68
267.07
167.10
167.18
167.17
174.79
175.44
184.87
184.96
184.96
198.05
199.88
188.02
186.75
179.30
178.34
178.33
175.28
175.23
168.99
168.61
168.61
175.55
176.05
149.57
149.55
171.19
170.46
170.51
203.03
202.23
208.10
207.14
207.19
181.09
181.27
179.86
179.64
167.04
167.31
171.66
175.10
175.54
179.70
179.84
179.79
174.87
175.31
176.95
176.74
181.97
181.91
181.91
166.49
166.69
167.83
168.86
168.87
181.73
187.01
182.69
182.97
177.36
177.05
177.06
176.53
176.37
175.83
180.39
180.39
208.83
212.66
200.55
200.37
188.88
192.44
192.40
178.08
177.83
189.35
189.25
189.09
175.80
175.90
175.64
175.40
167.79
168.34
168.47
164.76
164.73
164.69
164.53
164.54
164.25
161.69
138.63
137.74
159.70
159.68
159.67
158.74
159.96
148.53
149.41
149.41
174.19
174.21
178.67
178.95
186.16
186.11
186.10
178.55
177.58
186.04
185.67
185.67
186.04
186.32
186.58
186.68
177.61
177.63
177.62
185.77
185.73
167.08
165.40
165.42
163.80
163.77
202.55
203.07
167.84
167.82
167.83
173.39
173.43
185.99
186.71
186.59
181.28
181.30
185.24
183.83
185.89
185.56
185.47
176.85
176.57
164.88
165.03
165.03
176.24
176.18
175.48
173.92
173.91
181.59
181.70
179.95
179.77
163.04
163.97
163.97
143.92
143.63
167.36
171.95
172.21
161.64
161.44
214.72
213.12
215.01
212.41
212.43
181.91
185.73
193.95
194.57
194.54
210.06
209.32
177.61
177.50
183.67
184.70
184.66
219.30
219.87
175.08
174.86
174.79
164.96
164.49
177.07
177.33
175.48
175.78
175.90
143.97
143.94
185.24
185.19
185.19
162.50
161.71
158.42
158.30
175.01
173.19
173.21
185.44
186.33
182.25
182.15
182.15
206.60
206.59
154.65
154.71
186.01
185.72
185.72
132.42
132.28
161.92
161.89
161.92
161.92
