251.00 254.00 222.00
255.00 253.00 222.00
240.00 250.00 238.00
243.00 255.00 205.00
247.00 255.00 215.00
253.00 254.00 220.00
252.00 255.00 216.00
255.00 254.00 226.00
253.00 254.00 222.00
253.00 254.00 220.00
251.00 255.00 214.00
252.00 254.00 224.00
252.00 255.00 216.00
250.00 254.00 225.00
250.00 254.00 218.00
251.00 254.00 222.00
248.00 255.00 218.00
255.00 255.00 221.00
252.00 254.00 218.00
253.00 254.00 220.00
255.00 255.00 224.00
252.00 255.00 223.00
251.00 255.00 226.00
254.00 255.00 216.00
