281.86
248.17
248.78
278.91
281.45
281.39
283.82
283.00
271.53
271.51
271.50
288.44
288.48
301.03
300.85
291.39
289.10
289.05
284.28
283.79
289.72
292.24
292.26
267.72
273.04
282.87
283.10
280.70
280.98
280.96
311.81
313.32
285.29
283.90
283.89
274.07
274.03
273.62
273.68
284.66
284.70
284.70
311.36
311.48
307.39
307.45
307.45
308.65
308.68
308.42
308.46
275.20
275.19
274.97
285.41
285.39
266.03
266.02
266.10
280.58
280.05
288.71
289.66
251.11
249.57
249.58
279.83
280.45
256.82
257.49
257.41
303.24
303.37
317.61
314.17
270.43
270.78
270.81
260.65
260.44
283.24
283.22
283.21
264.52
264.40
305.86
305.79
286.25
285.40
285.54
261.62
261.79
253.40
253.58
253.45
276.45
276.83
249.84
250.42
276.27
276.28
276.28
253.65
253.62
231.15
231.10
231.11
223.97
223.51
231.75
231.77
253.39
253.10
253.04
252.63
254.11
279.34
279.50
279.52
314.17
313.74
298.78
299.81
302.39
302.71
302.71
272.54
260.19
252.29
252.20
252.23
238.89
248.10
258.95
259.22
239.33
238.25
238.26
288.23
288.63
243.95
243.07
243.05
279.90
279.89
303.58
303.45
258.50
258.53
258.52
244.22
245.37
307.51
307.69
310.02
308.03
307.98
253.96
254.65
255.43
254.27
254.21
301.66
302.76
275.03
274.89
274.89
291.26
291.43
302.22
302.13
302.11
299.63
297.25
300.09
301.30
316.72
316.76
317.33
331.18
331.35
328.15
330.23
330.68
329.06
329.12
288.60
287.91
277.86
278.27
278.30
286.02
286.19
326.77
326.75
326.76
341.26
342.00
339.09
337.13
319.10
320.02
320.02
349.16
353.06
335.44
334.40
334.38
311.08
310.94
320.42
319.78
306.14
305.87
305.87
325.08
325.91
329.83
329.63
329.64
332.72
332.77
320.24
317.18
280.26
281.14
281.14
315.68
316.98
315.31
315.25
315.31
303.29
303.40
307.35
307.15
295.10
294.27
294.25
300.48
300.73
315.22
315.42
315.42
311.18
308.24
280.01
280.06
283.74
284.99
284.22
282.78
282.70
343.28
342.84
333.99
305.54
305.50
286.03
286.57
324.13
324.20
324.14
339.71
339.21
335.14
335.07
335.06
326.73
326.73
311.13
311.31
300.44
298.92
298.69
300.14
299.95
300.56
300.65
300.66
282.26
281.78
265.66
265.14
261.17
261.20
261.20
283.51
283.29
275.64
276.99
276.99
269.39
270.28
253.06
253.00
229.07
229.39
229.38
230.50
230.41
237.02
238.21
238.33
225.92
225.91
280.32
281.46
300.31
300.62
300.61
326.88
327.03
325.76
327.49
327.52
309.89
310.59
305.67
305.59
274.28
275.49
275.79
275.74
275.32
282.65
282.78
282.78
280.93
282.13
303.56
304.87
303.50
304.37
304.38
293.13
293.29
283.28
282.91
282.93
299.20
297.78
276.79
276.85
276.83
282.08
282.06
258.11
259.83
286.40
285.87
285.87
291.25
297.15
296.66
297.88
297.94
286.18
286.14
254.21
253.66
273.53
273.62
273.58
281.91
282.64
275.47
274.94
274.96
256.98
257.50
275.01
275.11
267.76
267.46
267.43
259.46
259.46
274.66
274.74
274.84
275.48
275.18
285.32
284.51
291.60
296.50
296.47
291.34
291.66
253.60
253.57
253.59
274.21
274.02
273.75
274.00
269.46
269.51
269.52
300.46
300.60
303.30
303.18
303.17
308.08
311.72
314.90
315.21
310.29
310.30
310.29
307.81
308.09
297.01
296.81
296.91
301.82
302.15
280.81
281.39
282.68
282.87
282.85
304.66
305.06
289.60
289.92
290.02
272.87
270.18
248.85
249.00
231.33
232.18
231.89
247.90
247.73
236.53
233.60
233.60
251.68
252.53
313.83
318.07
308.87
308.88
308.89
276.79
276.85
274.40
270.19
270.11
270.59
273.47
285.47
285.50
282.13
282.52
282.45
328.02
328.06
285.33
285.19
285.19
311.34
311.55
306.80
307.22
304.56
304.10
304.12
304.12
