127.00 252.00 226.00
134.00 254.00 230.00
134.00 255.00 220.00
129.00 246.00 245.00
106.00 233.00 248.00
100.00 246.00 234.00
164.00 255.00 218.00
177.00 252.00 231.00
153.00 255.00 214.00
161.00 255.00 235.00
171.00 255.00 226.00
113.00 240.00 219.00
141.00 251.00 225.00
102.00 215.00 231.00
2.00 101.00 199.00
195.00 254.00 223.00
108.00 244.00 216.00
137.00 247.00 241.00
164.00 255.00 222.00
124.00 254.00 221.00
162.00 251.00 232.00
121.00 246.00 244.00
153.00 249.00 225.00
13.00 116.00 203.00
