286.71
278.10
278.40
325.32
325.03
322.59
324.85
324.86
352.03
352.25
305.58
305.46
357.81
357.78
358.88
335.44
336.07
380.41
380.91
380.92
327.41
327.73
315.90
315.24
296.67
295.68
295.68
328.21
328.50
352.11
353.28
353.28
385.89
385.39
331.26
331.10
315.07
315.61
315.59
285.39
287.88
305.33
305.25
305.27
345.77
345.30
310.26
310.60
340.07
340.13
339.73
289.74
290.82
357.38
357.47
357.51
382.82
383.35
333.39
334.15
334.12
332.74
342.81
309.82
310.17
320.91
321.84
321.82
320.67
319.49
341.66
341.10
342.51
313.14
313.91
326.96
327.43
295.49
296.56
296.50
342.14
342.19
345.80
344.17
343.98
333.97
334.78
324.58
324.76
353.72
352.43
351.30
354.46
354.57
383.26
383.80
383.94
377.74
377.96
385.45
385.50
396.81
397.73
397.83
384.57
384.31
344.89
344.60
344.43
345.91
345.62
347.45
347.68
339.78
340.14
340.11
331.13
332.99
306.13
306.51
307.62
373.77
373.59
320.20
321.11
345.45
345.43
330.50
334.37
334.31
330.12
331.46
331.43
330.43
330.25
318.82
319.37
342.71
339.14
340.08
305.72
306.38
334.52
334.61
335.25
332.71
332.77
320.62
321.45
345.82
338.02
338.98
337.50
338.54
371.93
372.46
372.45
314.39
314.88
316.61
316.02
328.45
329.23
329.22
342.36
341.77
363.05
363.20
363.18
357.17
358.16
361.42
357.35
371.87
371.57
371.58
383.46
382.51
400.64
400.04
400.06
380.83
380.70
382.38
382.69
332.52
332.84
332.65
329.10
329.19
362.46
362.56
362.57
364.50
364.25
283.32
283.28
307.55
306.91
306.91
329.49
330.32
304.35
304.27
304.26
307.39
307.31
369.43
371.29
317.58
321.02
321.11
309.09
309.00
335.01
334.18
334.18
355.39
356.23
336.85
337.98
305.64
306.08
306.07
329.89
328.98
310.49
310.56
310.55
304.26
305.33
351.20
349.59
349.11
356.47
356.39
356.64
356.43
305.46
306.78
306.72
289.22
291.31
365.16
365.94
366.14
283.01
282.89
280.67
279.99
305.16
305.38
305.53
310.42
310.66
285.36
282.31
281.65
294.51
294.70
285.16
284.81
324.78
324.83
324.79
328.04
329.16
310.12
310.23
310.36
297.81
295.00
280.55
280.40
337.39
335.13
335.17
335.21
334.86
283.08
284.39
284.20
285.87
285.78
287.23
286.93
269.01
267.88
267.85
271.61
271.67
322.17
321.36
321.37
284.42
284.46
282.03
283.88
274.16
274.39
274.45
258.84
258.66
265.73
266.51
266.52
285.01
284.87
251.83
254.29
284.26
283.70
283.74
280.91
280.97
255.89
254.96
254.98
299.22
299.19
304.89
304.75
253.28
252.86
252.87
244.66
245.67
