264.64
267.53
268.28
258.79
259.17
280.35
275.53
275.43
303.97
303.84
301.27
301.70
277.98
279.46
279.48
271.06
271.48
309.87
312.51
312.53
310.78
310.91
308.83
307.35
299.44
300.16
300.21
297.03
297.14
314.36
313.90
313.76
291.06
293.25
274.27
273.77
264.50
264.08
259.57
285.58
285.59
245.63
241.49
241.58
246.04
246.13
229.06
228.00
243.55
244.91
244.64
240.37
240.39
252.58
252.90
252.96
268.22
269.24
267.56
266.84
252.83
252.90
252.79
237.35
237.54
252.22
252.37
252.35
258.97
259.96
257.42
256.39
258.41
260.57
260.59
256.04
256.38
264.63
266.17
266.18
284.00
283.97
274.15
274.30
288.23
287.98
287.97
255.06
255.13
276.40
277.65
277.40
252.56
255.08
273.49
275.29
274.65
273.79
273.81
267.85
267.49
275.91
276.01
276.03
281.33
281.67
276.47
274.83
302.38
302.87
302.87
280.82
282.54
270.74
271.41
271.42
256.51
254.60
265.81
266.89
266.89
267.88
268.90
262.05
256.24
251.36
251.07
239.40
252.01
251.58
252.83
255.56
255.10
271.37
269.09
267.24
267.68
252.52
252.38
252.38
250.90
250.86
235.25
235.43
235.45
249.51
249.92
253.87
253.49
228.48
228.29
228.29
209.97
209.56
220.42
220.80
221.00
247.46
247.84
232.91
231.89
222.74
222.83
222.82
247.20
246.07
250.77
250.86
250.69
278.91
278.98
267.52
267.31
261.72
261.34
261.66
259.07
255.74
270.60
267.30
267.29
273.15
272.73
228.88
228.59
221.26
221.50
221.49
230.90
231.09
235.55
237.70
237.69
239.57
240.33
256.03
255.74
273.56
272.03
272.03
286.04
282.57
261.14
263.75
263.77
271.70
273.48
272.03
270.75
257.64
256.59
256.58
281.75
282.25
275.40
274.66
274.47
297.80
297.84
282.57
283.12
253.83
252.75
252.80
213.75
213.81
219.69
219.18
219.18
222.01
219.96
226.56
227.71
228.15
228.36
228.37
197.38
198.49
226.79
226.39
226.39
231.69
230.25
232.25
232.92
246.20
246.95
246.96
236.50
236.05
250.65
250.84
250.84
239.73
239.20
249.29
249.35
224.90
225.20
225.20
234.50
234.39
264.92
266.43
266.38
279.63
280.23
264.51
264.38
258.91
262.67
262.65
239.85
239.94
234.76
233.70
233.70
258.31
257.54
248.15
238.87
235.62
235.71
235.60
222.84
222.96
247.51
247.25
247.25
220.12
219.75
230.74
231.43
230.89
245.94
243.78
251.19
250.97
250.97
