262.26
274.18
273.91
282.67
282.78
323.16
323.26
323.24
342.77
342.76
343.08
342.88
354.65
356.64
357.72
302.34
302.37
282.63
282.57
282.21
270.94
270.70
281.85
282.03
299.53
299.11
299.13
306.03
306.46
308.64
308.71
308.72
294.97
295.24
313.92
313.85
328.13
328.08
328.04
318.24
314.10
307.55
308.05
308.00
301.64
302.19
285.43
285.22
273.38
273.55
273.55
280.44
280.08
286.53
286.03
286.05
303.01
302.98
315.32
316.44
352.66
352.00
352.01
287.86
287.81
297.03
296.81
296.77
287.00
286.95
284.50
284.51
284.51
304.20
306.39
299.63
299.34
324.66
324.85
324.34
314.40
319.26
291.05
289.87
289.87
326.01
326.02
324.80
324.85
332.92
333.57
333.50
324.78
324.87
319.43
319.70
319.83
299.76
299.71
291.74
290.87
308.57
307.43
307.42
303.57
304.39
321.64
321.35
321.33
302.92
302.96
296.23
294.56
285.77
286.05
286.04
288.64
288.17
306.97
306.88
306.89
287.36
287.50
323.58
326.04
332.00
332.18
326.52
302.79
305.41
326.30
326.06
326.04
250.99
251.34
315.89
320.33
316.34
316.68
316.69
321.42
325.03
319.54
319.71
320.03
326.93
327.38
299.39
294.48
325.96
326.19
326.08
287.71
287.89
303.03
303.16
303.03
320.18
321.71
341.87
341.93
329.02
328.51
328.52
339.90
338.38
327.67
328.09
328.02
319.52
319.19
317.75
317.95
335.42
333.17
333.17
341.25
341.20
322.24
322.13
322.06
342.67
343.11
344.16
344.20
323.71
323.62
323.77
335.60
334.45
332.39
331.32
331.33
332.86
329.89
334.60
335.22
332.78
333.04
332.98
330.15
330.14
319.34
317.18
316.92
306.65
305.88
296.64
296.55
262.53
261.10
261.14
302.92
302.48
281.63
281.24
281.23
282.38
282.45
270.47
270.12
281.28
281.91
281.74
294.81
294.82
276.38
276.71
276.71
275.84
275.35
262.83
260.49
282.68
282.60
282.60
282.96
281.11
290.74
291.36
291.35
284.98
285.19
295.17
295.45
295.44
286.05
286.01
264.15
263.11
268.74
268.06
268.06
279.35
279.24
266.02
266.47
266.29
282.25
288.64
291.64
291.37
283.92
283.34
283.37
262.09
262.78
269.97
270.69
270.66
287.91
286.42
288.69
289.18
289.14
288.84
289.23
262.09
258.72
261.58
260.43
261.04
267.64
264.17
231.45
231.46
266.31
266.70
266.62
282.99
283.04
282.40
280.95
280.96
257.15
255.37
271.37
271.32
256.33
255.76
255.75
272.34
268.55
286.32
284.56
284.56
253.30
252.24
249.99
250.24
245.59
245.58
268.89
268.65
217.04
217.11
