217.00 254.00 216.00
226.00 255.00 221.00
215.00 254.00 222.00
213.00 255.00 220.00
139.00 206.00 221.00
209.00 254.00 221.00
245.00 255.00 218.00
233.00 255.00 220.00
247.00 255.00 216.00
240.00 255.00 223.00
246.00 255.00 220.00
247.00 254.00 221.00
235.00 254.00 221.00
246.00 255.00 215.00
252.00 255.00 223.00
251.00 254.00 222.00
255.00 254.00 220.00
249.00 255.00 224.00
248.00 254.00 219.00
249.00 254.00 222.00
251.00 255.00 226.00
254.00 255.00 223.00
249.00 254.00 222.00
248.00 255.00 220.00
255.00 255.00 226.00
253.00 254.00 220.00
224.00 254.00 225.00
221.00 253.00 218.00
