171.17
172.67
172.48
187.54
189.75
182.16
182.41
182.41
172.02
172.10
179.34
181.69
175.37
173.75
173.76
177.41
177.46
193.44
193.23
193.24
181.41
182.70
189.77
190.58
191.90
191.40
191.37
197.73
198.24
204.80
206.22
206.21
196.45
197.00
184.31
183.79
183.81
184.26
184.27
193.05
191.80
210.68
210.95
210.97
149.26
149.14
160.60
160.17
160.16
158.69
157.67
172.65
173.83
168.46
168.48
168.47
167.88
168.74
178.98
178.85
178.86
187.29
187.73
161.19
161.37
154.22
153.89
153.87
161.54
160.77
149.82
147.96
147.96
186.92
186.33
179.00
178.94
188.81
188.02
187.70
139.34
138.58
172.24
171.04
171.12
175.26
175.32
171.87
172.33
181.51
179.91
180.46
173.99
173.46
171.50
171.24
171.30
167.28
167.29
174.30
173.63
178.63
178.64
178.59
174.33
174.24
161.93
162.09
162.02
191.50
191.19
207.72
209.88
208.75
207.54
207.57
182.57
182.25
218.20
218.00
218.00
192.64
191.99
192.31
192.38
155.62
155.77
159.08
173.81
174.51
177.79
177.79
177.75
211.23
210.00
204.68
204.15
190.11
189.75
189.77
183.36
183.53
186.53
185.83
185.82
212.40
212.66
203.24
203.78
209.40
209.24
209.26
185.75
185.75
189.88
190.17
190.19
185.12
185.56
189.41
189.24
194.93
195.01
195.12
199.75
202.09
214.25
214.65
214.57
196.78
198.89
205.11
199.35
203.72
203.18
203.14
180.00
180.44
191.41
191.34
191.35
208.73
208.85
193.86
193.73
174.91
174.41
174.50
207.84
206.07
190.21
190.23
190.25
217.13
216.80
197.71
197.47
197.48
200.17
200.14
208.10
207.63
220.79
222.23
222.33
216.58
215.27
183.68
184.03
184.08
210.60
210.65
187.11
186.99
178.39
178.79
178.83
183.54
183.25
208.43
208.38
208.35
204.04
204.29
193.26
193.65
179.26
179.09
179.09
154.63
156.84
167.01
166.98
166.90
184.35
181.86
181.13
179.23
216.48
222.45
222.45
213.49
212.53
207.75
206.87
205.54
210.65
209.79
218.59
217.17
216.14
215.37
215.38
222.82
225.36
217.99
221.68
222.14
222.46
220.37
207.79
207.32
214.44
216.60
216.62
208.20
209.43
215.57
215.65
215.70
236.76
236.84
227.76
228.03
217.53
217.61
217.61
224.03
224.24
218.77
217.25
217.50
239.16
241.18
240.86
241.01
220.43
220.10
220.09
218.01
217.36
216.12
214.63
214.37
219.69
219.59
212.15
212.40
253.98
253.87
254.01
228.92
229.02
229.35
229.58
229.61
236.03
237.28
235.45
233.91
221.91
222.03
222.02
217.97
218.86
242.39
242.00
242.19
231.15
240.78
244.60
244.63
235.11
234.97
234.97
245.36
243.77
214.08
211.43
211.46
214.12
213.87
203.00
203.22
211.22
212.87
212.93
251.23
251.62
241.48
241.51
241.47
241.41
241.43
238.92
239.03
239.01
241.03
241.26
249.94
245.96
199.58
202.61
202.45
213.25
213.04
220.34
219.98
219.93
235.30
235.09
241.49
238.81
253.89
253.10
253.04
211.18
208.66
216.69
217.77
217.83
221.51
223.29
219.79
220.08
243.91
245.24
245.24
209.06
209.11
250.73
245.45
245.45
221.24
215.65
243.81
244.25
248.01
248.07
248.06
202.10
202.31
196.99
198.41
198.46
220.35
219.13
251.81
251.89
226.64
228.62
228.64
220.76
220.42
210.37
207.73
207.71
223.29
223.25
207.73
204.69
209.86
210.48
210.48
209.61
208.62
198.65
200.82
200.70
225.71
228.45
237.29
237.56
213.51
213.69
213.65
226.90
226.02
243.03
243.40
243.40
242.02
241.91
214.24
215.61
203.30
197.49
197.68
203.99
204.29
218.73
219.16
219.10
226.26
226.17
218.91
219.02
220.81
221.24
221.29
244.35
244.14
248.60
249.69
249.06
263.80
263.78
218.40
221.57
222.05
223.92
223.91
214.47
213.28
198.47
198.72
198.68
207.21
206.74
253.10
253.76
206.06
204.28
204.28
228.70
222.33
201.95
201.72
201.68
232.61
232.12
224.23
224.49
227.30
227.89
228.09
238.90
239.16
232.09
232.43
232.34
255.47
248.98
231.67
231.27
227.18
228.24
228.31
215.69
216.41
215.98
215.27
215.26
205.04
205.67
256.00
254.88
222.24
221.04
221.20
195.16
193.40
230.99
232.13
232.10
225.44
222.72
243.31
241.81
241.80
226.94
229.14
231.25
231.57
207.33
205.39
205.47
208.89
209.59
210.38
215.20
215.40
214.29
217.41
195.03
198.02
218.60
217.56
217.66
229.44
230.29
230.46
