122.00 188.00 217.00
128.00 190.00 220.00
118.00 189.00 223.00
139.00 201.00 231.00
100.00 160.00 189.00
137.00 205.00 228.00
126.00 193.00 214.00
137.00 204.00 219.00
146.00 224.00 231.00
143.00 213.00 230.00
113.00 186.00 208.00
132.00 190.00 219.00
84.00 154.00 184.00
126.00 193.00 218.00
133.00 199.00 218.00
139.00 204.00 225.00
152.00 216.00 234.00
159.00 239.00 208.00
146.00 214.00 227.00
150.00 210.00 222.00
135.00 197.00 215.00
161.00 232.00 235.00
157.00 225.00 232.00
149.00 223.00 227.00
162.00 228.00 223.00
102.00 166.00 177.00
100.00 163.00 177.00
124.00 186.00 196.00
