27.00 80.00 113.00
30.00 76.00 110.00
41.00 89.00 123.00
34.00 82.00 116.00
54.00 105.00 137.00
46.00 98.00 135.00
22.00 56.00 86.00
37.00 82.00 115.00
32.00 82.00 112.00
39.00 81.00 118.00
18.00 52.00 81.00
22.00 69.00 100.00
14.00 34.00 59.00
22.00 61.00 89.00
23.00 58.00 84.00
32.00 72.00 97.00
41.00 79.00 113.00
44.00 98.00 128.00
23.00 45.00 70.00
12.00 47.00 67.00
27.00 64.00 90.00
35.00 79.00 102.00
43.00 92.00 114.00
37.00 85.00 113.00
18.00 58.00 70.00
15.00 39.00 61.00
25.00 37.00 47.00
17.00 53.00 69.00
