261.40
263.71
264.03
268.02
266.11
266.20
238.74
240.63
242.39
242.86
242.87
244.10
244.12
251.71
252.02
235.43
235.40
235.41
205.74
206.02
221.48
219.41
219.33
218.69
223.33
238.77
239.06
208.47
208.22
208.28
216.62
216.18
214.93
215.02
214.99
238.73
237.95
225.12
225.13
223.91
224.79
224.82
221.29
222.22
208.75
206.49
206.57
233.56
233.75
223.39
220.08
226.46
227.58
226.91
229.98
230.32
224.07
219.23
219.32
208.85
209.17
243.97
245.93
193.88
193.97
193.95
221.81
221.32
240.73
239.85
239.84
230.73
202.69
221.36
222.89
245.72
244.16
244.47
245.03
243.36
243.92
244.57
244.57
244.75
242.18
253.51
253.26
234.79
235.21
235.17
266.91
267.82
261.20
261.62
261.63
211.67
211.97
228.63
233.01
245.83
247.38
248.06
223.59
224.60
223.30
223.43
223.35
221.22
221.04
228.42
228.39
228.39
226.92
226.82
229.52
230.53
220.57
219.94
220.14
215.90
215.49
226.19
226.39
226.39
215.73
214.80
215.27
221.34
224.21
223.56
223.56
223.85
224.37
213.95
213.73
213.65
220.55
220.56
214.76
214.71
208.19
205.28
205.28
235.00
234.79
243.85
244.20
244.23
247.14
247.09
240.32
240.68
229.36
229.74
229.75
240.89
243.09
232.55
233.27
233.25
233.08
232.27
233.76
233.82
216.15
215.08
215.20
224.42
224.72
223.10
223.36
223.36
227.40
227.58
237.28
237.19
219.96
223.62
223.62
238.61
238.87
228.52
230.84
230.80
236.74
236.68
236.07
236.03
241.46
241.36
241.35
242.35
242.89
242.38
242.60
242.61
254.07
253.48
250.38
252.20
270.15
270.12
270.12
254.40
254.03
243.30
243.28
243.28
251.52
251.35
246.55
247.28
243.20
243.27
243.27
245.77
245.92
248.68
248.09
248.11
250.51
250.35
250.40
250.16
232.83
233.42
233.41
224.48
224.62
210.74
210.93
210.94
221.06
220.92
233.69
233.66
229.26
229.03
229.03
225.07
225.53
247.75
247.99
247.96
248.04
247.81
251.43
248.76
233.90
233.65
233.66
237.18
237.75
249.02
249.03
241.30
267.00
265.47
251.66
250.41
253.04
253.24
253.26
253.16
251.62
247.44
247.34
247.33
243.74
245.30
245.71
245.66
245.80
245.90
245.86
248.80
248.80
247.45
248.39
248.44
272.94
272.32
291.16
291.13
291.06
292.84
292.62
283.01
285.52
278.51
278.21
278.23
259.95
259.80
245.75
246.23
246.25
248.27
247.82
248.66
248.69
251.83
251.51
251.58
243.74
243.83
251.93
246.21
246.01
232.81
232.97
247.76
251.90
268.72
267.61
267.62
270.64
271.13
248.08
248.22
248.13
244.98
244.99
247.66
245.39
241.29
241.01
241.00
258.98
259.11
263.56
269.81
269.81
247.47
247.99
244.92
245.51
249.11
249.72
249.77
248.99
249.12
274.55
274.90
275.09
273.70
273.60
274.27
274.32
260.74
260.08
260.12
259.36
258.28
241.65
241.67
241.57
241.44
245.35
245.26
245.37
235.25
234.83
234.78
233.31
233.12
234.39
234.45
234.44
229.66
230.14
232.69
233.09
247.70
251.58
251.60
265.88
264.26
258.42
258.44
258.45
246.68
246.67
256.96
251.38
254.94
252.98
252.98
268.49
269.11
239.01
239.22
239.23
242.22
242.26
236.92
234.13
242.36
242.23
242.24
245.97
242.46
235.45
235.00
234.99
287.28
284.60
265.48
265.50
265.36
263.39
262.66
261.57
260.67
251.14
251.03
251.03
215.29
215.43
265.68
266.17
304.81
306.85
306.84
305.84
307.11
252.61
252.73
252.69
229.38
228.59
229.03
228.07
229.04
220.54
217.49
243.79
243.93
265.36
261.39
261.38
249.83
249.50
254.83
255.23
255.24
242.67
241.08
232.37
231.56
270.32
270.40
270.40
270.40
