255.00 254.00 223.00
253.00 255.00 219.00
254.00 255.00 216.00
252.00 253.00 219.00
254.00 255.00 226.00
255.00 255.00 225.00
252.00 255.00 229.00
245.00 255.00 225.00
255.00 255.00 221.00
251.00 255.00 220.00
255.00 255.00 221.00
250.00 255.00 226.00
253.00 254.00 220.00
255.00 255.00 219.00
248.00 255.00 219.00
254.00 255.00 214.00
251.00 255.00 225.00
253.00 255.00 225.00
250.00 255.00 223.00
250.00 255.00 224.00
246.00 255.00 222.00
255.00 255.00 225.00
253.00 255.00 225.00
255.00 255.00 225.00
246.00 254.00 223.00
255.00 255.00 220.00
253.00 255.00 225.00
250.00 255.00 224.00
255.00 255.00 221.00
252.00 255.00 223.00
255.00 255.00 225.00
252.00 255.00 223.00
