243.29
258.02
225.43
225.30
225.30
224.64
224.86
242.06
242.07
242.07
246.25
246.32
250.45
250.26
236.77
238.37
238.18
217.32
217.38
216.69
216.69
216.67
213.37
214.21
223.86
223.76
230.10
230.22
230.20
227.82
228.54
206.71
206.17
206.16
227.60
227.16
244.40
243.78
228.80
226.57
226.60
213.16
213.18
177.44
178.25
178.25
237.59
239.31
225.63
226.66
222.72
224.12
224.00
207.16
207.39
237.12
237.19
237.15
209.66
209.25
228.31
228.93
229.07
226.62
226.64
215.90
216.02
214.20
214.19
214.19
221.48
221.26
246.43
245.55
245.54
226.18
227.19
237.06
237.77
228.50
226.57
226.44
228.86
229.58
216.11
216.64
216.62
214.08
214.50
237.52
237.54
281.12
282.27
282.35
254.74
254.75
229.16
231.32
231.26
257.59
257.72
229.39
229.50
226.73
225.64
225.64
221.30
221.87
245.35
245.10
245.04
237.37
236.00
226.25
229.38
232.34
232.56
232.56
252.88
249.52
248.42
248.22
248.22
250.06
249.94
242.60
241.49
246.61
247.23
247.48
222.54
222.13
237.45
237.68
237.95
229.93
230.94
220.53
220.35
267.87
267.34
267.12
247.71
247.87
228.09
227.83
224.91
251.40
252.51
248.54
248.96
240.65
241.96
242.23
245.34
245.42
241.13
239.42
239.46
242.46
243.05
293.54
295.39
219.15
220.74
220.76
257.99
263.46
224.51
224.12
223.58
224.59
224.40
257.92
256.60
268.62
266.80
266.83
271.30
270.97
260.14
269.05
269.05
226.67
226.13
232.30
235.46
234.12
234.95
234.97
220.21
219.98
265.35
263.40
263.40
237.12
237.39
215.35
215.50
256.78
257.75
257.73
255.09
254.76
216.50
213.59
213.57
218.67
218.89
221.97
221.85
221.86
228.91
231.55
220.73
221.43
222.84
218.37
218.38
246.90
246.91
255.09
254.78
254.78
270.50
273.79
231.02
230.86
243.53
243.23
243.68
240.38
240.03
227.49
229.42
229.41
248.82
248.08
213.67
212.63
232.03
234.14
234.15
227.01
226.52
212.78
213.47
213.71
252.49
256.32
250.69
250.84
244.85
244.77
244.78
279.58
281.31
273.39
273.61
273.60
265.85
266.55
253.94
253.33
247.78
247.57
247.87
262.27
264.95
249.24
248.14
248.14
260.60
260.13
252.55
252.38
248.49
248.32
248.32
280.18
280.72
273.88
272.89
272.91
262.05
261.77
263.87
260.32
267.13
267.49
267.37
282.53
282.59
276.16
276.29
276.37
274.26
274.34
271.19
271.18
282.39
282.15
282.18
254.67
255.43
250.92
250.01
249.99
251.51
251.75
265.38
263.47
244.83
246.98
246.67
245.10
242.74
256.54
256.17
256.99
251.37
251.12
238.85
244.09
225.01
224.83
224.82
237.81
237.10
247.68
247.59
247.58
268.60
268.55
308.57
308.48
282.50
282.57
282.57
309.30
309.37
286.36
286.58
286.56
259.36
259.41
247.53
247.90
248.04
248.79
247.26
226.06
226.18
251.43
252.80
252.82
244.04
245.53
246.77
247.27
256.13
255.49
255.48
279.70
280.21
269.51
271.18
271.17
276.75
276.61
274.77
274.63
275.73
278.86
278.86
253.62
253.62
252.16
252.09
252.09
236.09
233.99
254.73
252.60
253.90
281.92
282.14
253.79
255.07
287.51
288.27
288.30
252.51
251.77
275.99
277.22
277.22
297.78
297.90
286.37
286.40
273.04
271.68
271.88
271.41
271.58
287.78
287.65
287.64
283.35
283.57
294.72
293.43
271.62
271.79
271.79
282.41
282.93
255.36
255.89
255.90
241.85
241.60
273.30
270.83
286.57
286.19
286.13
293.75
292.04
331.02
330.74
330.78
280.52
280.63
243.94
243.47
298.61
298.44
298.45
326.58
324.75
282.71
282.52
282.60
308.04
308.13
261.15
260.69
289.05
287.68
287.69
301.34
301.30
280.55
280.51
280.35
284.54
283.72
272.66
272.70
283.84
283.85
283.84
232.70
232.20
268.71
268.90
268.76
280.23
284.80
277.47
277.59
265.70
265.88
265.88
287.03
287.06
299.40
298.55
298.38
269.32
269.13
283.63
283.33
265.85
266.45
266.68
255.11
256.66
252.26
252.25
252.25
268.98
270.11
273.98
274.70
244.49
245.34
245.35
252.94
252.97
277.45
277.49
277.50
259.37
258.97
246.81
247.23
235.67
235.56
228.21
283.47
285.18
280.16
280.03
280.04
283.02
282.59
278.18
277.84
302.83
302.82
302.80
303.02
303.91
337.75
337.03
337.32
353.72
353.05
328.93
328.36
334.52
334.76
334.76
283.13
283.49
300.37
300.04
300.04
303.30
303.29
288.47
287.96
286.87
286.93
286.92
304.29
304.44
289.37
291.59
291.73
275.26
275.08
306.93
307.41
307.40
309.80
309.35
298.55
300.56
278.72
278.77
278.76
263.28
262.18
267.70
267.75
267.73
281.39
283.21
294.63
293.51
273.85
273.61
273.16
275.19
275.13
266.06
266.11
266.06
266.95
267.06
265.35
266.89
277.41
277.68
277.67
267.93
267.96
250.32
250.02
250.06
276.01
275.94
303.56
303.31
285.70
285.37
285.36
306.61
306.54
323.83
323.71
323.65
283.39
283.48
284.36
285.31
305.14
305.85
305.85
306.59
306.64
280.63
279.53
279.52
304.47
304.39
306.91
307.03
