225.00 255.00 223.00
235.00 255.00 215.00
198.00 255.00 232.00
184.00 254.00 223.00
177.00 251.00 225.00
202.00 255.00 222.00
144.00 230.00 220.00
162.00 248.00 230.00
178.00 255.00 227.00
178.00 253.00 231.00
175.00 249.00 221.00
178.00 254.00 223.00
157.00 235.00 224.00
173.00 254.00 215.00
215.00 254.00 222.00
194.00 255.00 227.00
152.00 240.00 204.00
217.00 254.00 222.00
224.00 255.00 222.00
251.00 255.00 220.00
221.00 255.00 225.00
210.00 255.00 225.00
222.00 255.00 221.00
218.00 255.00 217.00
251.00 255.00 219.00
242.00 255.00 215.00
252.00 255.00 223.00
238.00 255.00 218.00
222.00 254.00 219.00
222.00 255.00 216.00
236.00 254.00 223.00
96.00 146.00 142.00
