40.00 84.00 115.00
56.00 119.00 157.00
41.00 80.00 119.00
46.00 105.00 137.00
25.00 56.00 89.00
38.00 69.00 102.00
12.00 39.00 65.00
19.00 43.00 73.00
29.00 69.00 104.00
21.00 59.00 93.00
19.00 40.00 67.00
35.00 72.00 106.00
17.00 43.00 73.00
31.00 63.00 98.00
40.00 88.00 122.00
31.00 61.00 90.00
20.00 64.00 88.00
36.00 85.00 117.00
42.00 83.00 115.00
48.00 102.00 132.00
17.00 38.00 65.00
27.00 64.00 86.00
27.00 55.00 86.00
31.00 73.00 102.00
29.00 66.00 92.00
59.00 110.00 142.00
52.00 99.00 130.00
43.00 84.00 116.00
42.00 70.00 100.00
45.00 94.00 120.00
66.00 120.00 153.00
20.00 34.00 56.00
